[player]
moveSpeed=5.000000
jumpPower=-2.000000
